65
89
56
99
26
17
77
19
2
62
51
49
38
26
71
24
57
66
97
4
64
18
83
38
27
77
97
26
63
95
17
63
98
70
72
31
68
25
21
87
8
84
90
23
77
92
20
59
74
76
48
14
59
73
30
28
4
70
86
90
27
40
41
33
92
79
79
40
42
9
39
47
4
91
6
69
49
73
98
2
13
81
27
5
3
24
30
42
37
28
60
84
59
13
43
80
8
100
72
6
40
73
18
68
80
36
19
44
82
14
54
9
21
88
9
5
93
77
4
12
88
95
27
20
2
64
20
82
39
5
12
65
81
45
100
94
37
12
66
99
44
31
55
98
42
31
35
6
53
72
74
76
63
0
58
1
69
8
15
55
67
42
59
100
23
99
24
7
0
83
77
89
43
24
46
69
26
100
75
22
47
59
13
3
25
55
72
13
57
59
63
27
1
10
57
6
83
60
24
34
65
89
56
99
26
17
77
19
2
62
51
49
38
26
71
24
57
66
97
4
64
18
83
38
27
77
97
26
63
95
17
63
98
70
72
31
68
25
21
87
8
84
90
23
77
92
20
59
74
76
48
14
59
73
30
28
4
70
86
90
27
40
41
33
92
79
79
40
42
9
39
47
4
91
6
69
49
73
98
2
13
81
27
5
3
24
30
42
37
28
60
84
59
13
43
80
8
100
72
6
40
73
18
68
80
36
19
44
82
14
54
9
21
88
9
5
93
77
4
12
88
95
27
20
2
64
20
82
39
5
12
65
81
45
100
94
37
12
66
99
44
31
55
98
42
31
35
6
53
72
74
76
63
0
58
1
69
8
15
55
67
42
59
100
23
99
24
7
0
83
77
89
43
24
46
69
26
100
75
22
47
59
13
3
25
55
72
13
57
59
63
27
1
10
57
6
83
60
24
34
65
89
56
99
26
17
77
19
2
62
51
49
38
26
71
24
57
66
97
4
64
18
83
38
27
77
97
26
63
95
17
63
98
70
72
31
68
25
21
87
8
84
90
23
77
92
20
59
74
76
48
14
59
73
30
28
4
70
86
90
27
40
41
33
92
79
79
40
42
9
39
47
4
91
6
69
49
73
98
2
13
81
27
5
3
24
30
42
37
28
60
84
59
13
43
80
8
100
72
6
40
73
18
68
80
36
19
44
82
14
54
9
21
88
9
5
93
77
4
12
88
95
27
20
2
64
20
82
39
5
12
65
81
45
100
94
37
12
66
99
44
31
55
98
42
31
35
6
53
72
74
76
63
0
58
1
69
8
15
55
67
42
59
100
23
99
24
7
0
83
77
89
43
24
46
69
26
100
75
22
47
59
13
3
25
55
72
13
57
59
63
27
1
10
57
6
83
60
24
34
65
89
56
99
26
17
77
19
2
62
51
49
38
26
71
24
57
66
97
4
64
18
83
38
27
77
97
26
63
95
17
63
98
70
72
31
68
25
21
87
8
84
90
23
77
92
20
59
74
76
48
14
59
73
30
28
4
70
86
90
27
40
41
33
92
79
79
40
42
9
39
47
4
91
6
69
49
73
98
2
13
81
27
5
3
24
30
42
37
28
60
84
59
13
43
80
8
100
72
6
40
73
18
68
80
36
19
44
82
14
54
9
21
88
9
5
93
77
4
12
88
95
27
20
2
64
20
82
39
5
12
65
81
45
100
94
37
12
66
99
44
31
55
98
42
31
35
6
53
72
74
76
63
0
58
1
69
8
15
55
67
42
59
100
23
99
24
7
0
83
77
89
43
24
46
69
26
100
75
22
47
59
13
3
25
55
72
13
57
59
63
27
1
10
57
6
83
60
24
34
65
89
56
99
26
17
77
19
2
62
51
49
38
26
71
24
57
66
97
4
64
18
83
38
27
77
97
26
63
95
17
63
98
70
72
31
68
25
21
87
8
84
90
23
77
92
20
59
74
76
48
14
59
73
30
28
4
70
86
90
27
40
41
33
92
79
79
40
42
9
39
47
4
91
6
69
49
73
98
2
13
81
27
5
3
24
30
42
37
28
60
84
59
13
43
80
8
100
72
6
40
73
18
68
80
36
19
44
82
14
54
9
21
88
9
5
93
77
4
12
88
95
27
20
2
64
20
82
39
5
12
65
81
45
100
94
37
12
66
99
44
31
55
98
42
31
35
6
53
72
74
76
63
0
58
1
69
8
15
55
67
42
59
100
23
99
24
7
0
83
77
89
43
24
46
69
26
100
75
22
47
59
13
3
25
55
72
13
57
59
63
27
1
10
57
6
83
60
24
34
65
89
56
99
26
17
77
19
2
62
51
49
38
26
71
24
57
66
97
4
64
18
83
38
27
77
97
26
63
95
17
63
98
70
72
31
68
25
21
87
8
84
90
23
77
92
20
59
74
76
48
14
59
73
30
28
4
70
86
90
27
40
41
33
92
79
79
40
42
9
39
47
4
91
6
69
49
73
98
2
13
81
27
5
3
24
30
42
37
28
60
84
59
13
43
80
8
100
72
6
40
73
18
68
80
36
19
44
82
14
54
9
21
88
9
5
93
77
4
12
88
95
27
20
2
64
20
82
39
5
12
65
81
45
100
94
37
12
66
99
44
31
55
98
42
31
35
6
53
72
74
76
63
0
58
1
69
8
15
55
67
42
59
100
23
99
24
7
0
83
77
89
43
24
46
69
26
100
75
22
47
59
13
3
25
55
72
13
57
59
63
27
1
10
57
6
83
60
24
34
65
89
56
99
26
17
77
19
2
62
51
49
38
26
71
24
57
66
97
4
64
18
83
38
27
77
97
26
63
95
17
63
98
70
72
31
68
25
21
87
8
84
90
23
77
92
20
59
74
76
48
14
59
73
30
28
4
70
86
90
27
40
41
33
92
79
79
40
42
9
39
47
4
91
6
69
49
73
98
2
13
81
27
5
3
24
30
42
37
28
60
84
59
13
43
80
8
100
72
6
40
73
18
68
80
36
19
44
82
14
54
9
21
88
9
5
93
77
4
12
88
95
27
20
2
64
20
82
39
5
12
65
81
45
100
94
37
12
66
99
44
31
55
98
42
31
35
6
53
72
74
76
63
0
58
1
69
8
15
55
67
42
59
100
23
99
24
7
0
83
77
89
43
24
46
69
26
100
75
22
47
59
13
3
25
55
72
13
57
59
63
27
1
10
57
6
83
60
24
34
65
89
56
99
26
17
77
19
2
62
51
49
38
26
71
24
57
66
97
4
64
18
83
38
27
77
97
26
63
95
17
63
98
70
72
31
68
25
21
87
8
84
90
23
77
92
20
59
74
76
48
14
59
73
30
28
4
70
86
90
27
40
41
33
92
79
79
40
42
9
39
47
4
91
6
69
49
73
98
2
13
81
27
5
3
24
30
42
37
28
60
84
59
13
43
80
8
100
72
6
40
73
18
68
80
36
19
44
82
14
54
9
21
88
9
5
93
77
4
12
88
95
27
20
2
64
20
82
39
5
12
65
81
45
100
94
37
12
66
99
44
31
55
98
42
31
35
6
53
72
74
76
63
0
58
1
69
8
15
55
67
42
59
100
23
99
24
7
0
83
77
89
43
24
46
69
26
100
75
22
47
59
13
3
25
55
72
13
57
59
63
27
1
10
57
6
83
60
24
34